name: tf_gpu_env3.6
channels:
  - anaconda
  - conda-forge
  - defaults
dependencies:
  - absl-py=0.13.0=pyhd8ed1ab_0
  - astor=0.8.1=pyh9f0ad1d_0
  - backports=1.0=py_2
  - backports.functools_lru_cache=1.6.4=pyhd8ed1ab_0
  - ca-certificates=2021.5.30=h5b45459_0
  - colorama=0.4.4=pyh9f0ad1d_0
  - cudatoolkit=11.0.221=h74a9793_0
  - cudnn=8.2.1.32=h754d62a_0
  - dataclasses=0.8=pyh787bdff_2
  - decorator=5.1.0=pyhd8ed1ab_0
  - google-pasta=0.2.0=pyh8c360ce_0
  - hdf5=1.10.6=nompi_h5268f04_1114
  - importlib-metadata=4.8.1=py36ha15d459_0
  - intel-openmp=2021.3.0=h57928b3_3372
  - ipython=5.8.0=py36_1
  - ipython_genutils=0.2.0=py_1
  - joblib=1.0.1=pyhd8ed1ab_0
  - keras=2.3.1=py36h21ff451_0
  - keras-applications=1.0.8=py_1
  - keras-preprocessing=1.1.2=pyhd8ed1ab_0
  - krb5=1.19.2=hbae68bd_0
  - libblas=3.9.0=11_win64_mkl
  - libcblas=3.9.0=11_win64_mkl
  - libcurl=7.79.0=h789b8ee_0
  - libgpuarray=0.7.6=h8ffe710_1003
  - liblapack=3.9.0=11_win64_mkl
  - libprotobuf=3.17.2=h7755175_1
  - libssh2=1.10.0=h680486a_0
  - m2w64-gcc-libgfortran=5.3.0=6
  - m2w64-gcc-libs=5.3.0=7
  - m2w64-gcc-libs-core=5.3.0=7
  - m2w64-gmp=6.1.0=2
  - m2w64-libwinpthread-git=5.0.0.4634.697f757=2
  - mako=1.1.5=pyhd8ed1ab_0
  - markdown=3.3.4=pyhd8ed1ab_0
  - markupsafe=2.0.1=py36h68aa20f_0
  - mkl=2021.3.0=hb70f87d_564
  - msys2-conda-epoch=20160418=1
  - numpy=1.19.5=py36h4b40d73_2
  - openssl=1.1.1l=h8ffe710_0
  - pandas=0.25.3=py36he350917_0
  - pickleshare=0.7.5=py_1003
  - pip=21.2.4=pyhd8ed1ab_0
  - prompt_toolkit=1.0.15=py_1
  - pygments=2.10.0=pyhd8ed1ab_0
  - pygpu=0.7.6=py36h6434af4_1002
  - pyreadline=2.1=py36ha15d459_1003
  - python=3.6.2=0
  - python-dateutil=2.8.2=pyhd8ed1ab_0
  - python_abi=3.6=2_cp36m
  - pytz=2021.1=pyhd8ed1ab_0
  - pyyaml=5.4.1=py36h68aa20f_1
  - scikit-learn=0.24.2=py36h5a2dbc3_1
  - setuptools=58.0.4=py36ha15d459_0
  - simplegeneric=0.8.1=py_1
  - tbb=2021.3.0=h2d74725_0
  - tensorflow=1.14.0=h39a9291_0
  - tensorflow-base=1.14.0=py36h9f0ad1d_0
  - theano=1.0.5=py36he2d232f_1
  - threadpoolctl=2.2.0=pyh8a188c0_0
  - tk=8.6.11=h8ffe710_1
  - traitlets=4.3.3=pyhd8ed1ab_2
  - typing_extensions=3.10.0.0=pyha770c72_0
  - ucrt=10.0.20348.0=h57928b3_0
  - vc=14.2=hb210afc_5
  - vs2015_runtime=14.29.30037=h902a5da_5
  - vs2017_win-64=19.16.27038=h2e3bad8_2
  - vswhere=2.8.4=h57928b3_0
  - wcwidth=0.2.5=pyh9f0ad1d_2
  - werkzeug=2.0.1=pyhd8ed1ab_0
  - wheel=0.37.0=pyhd8ed1ab_1
  - wrapt=1.12.1=py36h68aa20f_3
  - yaml=0.2.5=he774522_0
  - zipp=3.5.0=pyhd8ed1ab_0
  - zlib=1.2.11=h62dcd97_1010
  - pip:
    - asgiref==3.4.1
    - astunparse==1.6.3
    - cached-property==1.5.2
    - cachetools==4.2.2
    - certifi==2021.5.30
    - charset-normalizer==2.0.5
    - clang==5.0
    - cycler==0.10.0
    - django==3.2.7
    - flatbuffers==1.12
    - gast==0.4.0
    - google-auth==1.35.0
    - google-auth-oauthlib==0.4.6
    - grpcio==1.40.0
    - h5py==3.1.0
    - idna==3.2
    - kiwisolver==1.3.1
    - libpath==0.0.0.0
    - lxml==4.6.3
    - matplotlib==3.3.4
    - multitasking==0.0.9
    - oauthlib==3.1.1
    - opt-einsum==3.3.0
    - pillow==8.3.2
    - protobuf==3.18.0
    - pyasn1==0.4.8
    - pyasn1-modules==0.2.8
    - pyparsing==2.4.7
    - requests==2.26.0
    - requests-oauthlib==1.3.0
    - rsa==4.7.2
    - scipy==1.5.4
    - seaborn==0.11.2
    - six==1.15.0
    - sqlparse==0.4.2
    - tensorboard==2.6.0
    - tensorboard-data-server==0.6.1
    - tensorboard-plugin-wit==1.8.0
    - tensorflow-estimator==2.6.0
    - termcolor==1.1.0
    - typing-extensions==3.7.4.3
    - urllib3==1.26.6
    - yapf==0.31.0
    - yfinance==0.1.63
prefix: C:\Users\Alvaro\miniconda3\envs\tf_gpu_env3.6
