name: tf_gpu_env3.5
channels:
  - anaconda
  - conda-forge
  - defaults
dependencies:
  - _tflow_1100_select=0.0.1=gpu
  - absl-py=0.4.1=py35_0
  - astor=0.7.1=py35_0
  - blas=1.0=mkl
  - certifi=2020.6.20=pyhd3eb1b0_3
  - cudatoolkit=9.0=1
  - cudnn=7.1.4=cuda9.0_0
  - gast=0.4.0=py_0
  - grpcio=1.12.1=py35h1a1b453_0
  - icc_rt=2019.0.0=h0cc432a_1
  - intel-openmp=2020.2=254
  - libprotobuf=3.6.0=h1a1b453_0
  - markdown=2.6.11=py35_0
  - mkl=2020.2=256
  - mkl_fft=1.0.6=py35hdbbee80_0
  - mkl_random=1.0.1=py35h77b88f5_1
  - numpy=1.15.2=py35ha559c80_0
  - numpy-base=1.15.2=py35h8128ebf_0
  - pip=20.3.4=pyhd8ed1ab_0
  - protobuf=3.6.0=py35he025d50_0
  - python=3.5.5=he025d50_2
  - setuptools=40.4.3=py35_0
  - six=1.15.0=py_0
  - tensorboard=1.10.0=py35he025d50_0
  - tensorflow=1.10.0=gpu_py35ha5d5ef7_0
  - tensorflow-base=1.10.0=gpu_py35h6e53903_0
  - tensorflow-gpu=1.10.0=hf154084_0
  - termcolor=1.1.0=py35_1
  - ucrt=10.0.20348.0=h57928b3_0
  - vc=14.2=hb210afc_5
  - vs2015_runtime=14.29.30037=h902a5da_5
  - werkzeug=1.0.1=py_0
  - wheel=0.37.0=pyhd8ed1ab_1
  - wincertstore=0.2=py35_1002
  - zlib=1.2.11=vc14h1cdd9ab_1
prefix: C:\Users\Alvaro\miniconda3\envs\tf_gpu_env3.5
