name: tf_gpu_env3.7
channels:
  - anaconda
  - conda-forge
  - defaults
dependencies:
  - _tflow_select=2.1.0=gpu
  - absl-py=0.10.0=py37_0
  - aiohttp=3.6.3=py37he774522_0
  - astor=0.8.1=py37_0
  - async-timeout=3.0.1=py37_0
  - attrs=20.2.0=py_0
  - blinker=1.4=py37_0
  - brotlipy=0.7.0=py37he774522_1000
  - ca-certificates=2020.10.14=0
  - cachetools=4.1.1=py_0
  - certifi=2020.6.20=py37_0
  - cffi=1.14.3=py37h7a1dbc1_0
  - chardet=3.0.4=py37_1003
  - click=7.1.2=py_0
  - cryptography=3.1.1=py37h7a1dbc1_0
  - cudatoolkit=10.1.243=h74a9793_0
  - cudnn=7.6.5=cuda10.1_0
  - gast=0.2.2=py37_0
  - google-auth=1.22.1=py_0
  - google-auth-oauthlib=0.4.1=py_2
  - google-pasta=0.2.0=py_0
  - grpcio=1.31.0=py37he7da953_0
  - h5py=2.10.0=py37h5e291fa_0
  - hdf5=1.10.4=h7ebc959_0
  - icc_rt=2019.0.0=h0cc432a_1
  - idna=2.10=py_0
  - importlib-metadata=2.0.0=py_1
  - intel-openmp=2020.2=254
  - keras-applications=1.0.8=py_1
  - keras-preprocessing=1.1.0=py_1
  - libblas=3.9.0=11_win64_mkl
  - libcblas=3.9.0=11_win64_mkl
  - liblapack=3.9.0=11_win64_mkl
  - libprotobuf=3.13.0.1=h200bbdf_0
  - m2w64-gcc-libgfortran=5.3.0=6
  - m2w64-gcc-libs=5.3.0=7
  - m2w64-gcc-libs-core=5.3.0=7
  - m2w64-gmp=6.1.0=2
  - m2w64-libwinpthread-git=5.0.0.4634.697f757=2
  - markdown=3.3.2=py37_0
  - mkl=2021.3.0=hb70f87d_564
  - msys2-conda-epoch=20160418=1
  - multidict=4.7.6=py37he774522_1
  - numpy=1.21.2=py37h940b05c_0
  - oauthlib=3.1.0=py_0
  - openssl=1.1.1l=h8ffe710_0
  - opt_einsum=3.1.0=py_0
  - pip=21.2.4=pyhd8ed1ab_0
  - protobuf=3.13.0.1=py37ha925a31_1
  - pyasn1=0.4.8=py_0
  - pyasn1-modules=0.2.8=py_0
  - pycparser=2.20=py_2
  - pyjwt=1.7.1=py37_0
  - pyopenssl=19.1.0=py_1
  - pyreadline=2.1=py37_1
  - pysocks=1.7.1=py37_1
  - python=3.7.10=h7840368_101_cpython
  - python_abi=3.7=2_cp37m
  - requests=2.24.0=py_0
  - requests-oauthlib=1.3.0=py_0
  - rsa=4.6=py_0
  - scipy=1.7.1=py37hb6553fb_0
  - setuptools=58.0.4=py37h03978a9_0
  - six=1.15.0=py_0
  - sqlite=3.36.0=h8ffe710_1
  - tbb=2021.3.0=h2d74725_0
  - tensorboard=2.2.1=pyh532a8cf_0
  - tensorboard-plugin-wit=1.6.0=py_0
  - tensorflow=2.1.0=gpu_py37h7db9008_0
  - tensorflow-base=2.1.0=gpu_py37h55f5790_0
  - tensorflow-estimator=2.5.0=pyh81a9013_1
  - tensorflow-gpu=2.1.0=h0d30ee6_0
  - termcolor=1.1.0=py37_1
  - ucrt=10.0.20348.0=h57928b3_0
  - urllib3=1.25.11=py_0
  - vc=14.2=hb210afc_5
  - vs2015_runtime=14.29.30037=h902a5da_5
  - werkzeug=0.14.1=py37_0
  - wheel=0.37.0=pyhd8ed1ab_1
  - win_inet_pton=1.1.0=py37_0
  - wrapt=1.12.1=py37he774522_1
  - yarl=1.6.2=py37he774522_0
  - zipp=3.3.1=py_0
  - zlib=1.2.11=vc14h1cdd9ab_1
  - pip:
    - cycler==0.10.0
    - joblib==1.0.1
    - keras==2.6.0
    - kiwisolver==1.3.2
    - matplotlib==3.4.3
    - pandas==1.3.3
    - pillow==8.3.2
    - pyparsing==2.4.7
    - python-dateutil==2.8.2
    - pytz==2021.1
    - scikit-learn==0.24.2
    - sklearn==0.0
    - threadpoolctl==2.2.0
prefix: C:\Users\Alvaro\miniconda3\envs\tf_gpu_env3.7
